1.292000000000000093e-01
1.395000000000000129e-01
1.497999999999999887e-01
1.602000000000000091e-01
1.705000000000000127e-01
1.807999999999999885e-01
1.912000000000000088e-01
2.015000000000000124e-01
2.136000000000000121e-01
2.273000000000000020e-01
2.411000000000000087e-01
2.549000000000000155e-01
2.686999999999999944e-01
2.823999999999999844e-01
2.959999999999999853e-01
3.093000000000000194e-01
3.226999999999999869e-01
3.361999999999999988e-01
3.499999999999999778e-01
3.638000000000000123e-01
3.775999999999999912e-01
3.912999999999999812e-01
4.051000000000000156e-01
4.188999999999999946e-01
4.326999999999999735e-01
4.464000000000000190e-01
4.601999999999999980e-01
4.739999999999999769e-01
4.878000000000000114e-01
5.016000000000000458e-01
5.152999999999999803e-01
5.291000000000000147e-01
5.429000000000000492e-01
5.566999999999999726e-01
5.704000000000000181e-01
5.842000000000000526e-01
5.979999999999999760e-01
6.118000000000000105e-01
6.256000000000000449e-01
6.392999999999999794e-01
6.531000000000000139e-01
6.669000000000000483e-01
6.806999999999999718e-01
6.944000000000000172e-01
7.082000000000000517e-01
7.219999999999999751e-01
7.358000000000000096e-01
7.496000000000000441e-01
7.632999999999999785e-01
7.771000000000000130e-01
7.909000000000000474e-01
8.046999999999999709e-01
8.184000000000000163e-01
8.322000000000000508e-01
8.459999999999999742e-01
8.598000000000000087e-01
8.736000000000000432e-01
8.872999999999999776e-01
9.011000000000000121e-01
9.146999999999999575e-01
9.280000000000000471e-01
9.413000000000000256e-01
9.548999999999999710e-01
9.687000000000000055e-01
9.824000000000000510e-01
9.947000000000000286e-01
