SUI_Endurance_test2 r/R 0.1650
   1.00000   0.00553
   0.98687   0.01310
   0.97602   0.01818
   0.96497   0.02281
   0.95392   0.02743
   0.94279   0.03188
   0.93160   0.03615
   0.92033   0.04020
   0.90901   0.04414
   0.89765   0.04795
   0.88626   0.05166
   0.87483   0.05527
   0.86338   0.05877
   0.85189   0.06219
   0.84039   0.06553
   0.82886   0.06881
   0.81732   0.07201
   0.80576   0.07515
   0.79418   0.07822
   0.78257   0.08120
   0.77095   0.08412
   0.75930   0.08693
   0.74765   0.08969
   0.73596   0.09233
   0.72426   0.09492
   0.71254   0.09738
   0.70080   0.09979
   0.68904   0.10209
   0.67727   0.10432
   0.66548   0.10645
   0.65368   0.10851
   0.64186   0.11046
   0.63002   0.11235
   0.61817   0.11411
   0.60631   0.11582
   0.59444   0.11739
   0.58255   0.11891
   0.57065   0.12028
   0.55874   0.12162
   0.54682   0.12279
   0.53489   0.12393
   0.52295   0.12491
   0.51101   0.12584
   0.49905   0.12662
   0.48709   0.12732
   0.47512   0.12786
   0.46315   0.12830
   0.45117   0.12856
   0.43919   0.12870
   0.42721   0.12869
   0.41523   0.12854
   0.40326   0.12827
   0.39128   0.12787
   0.37931   0.12737
   0.36735   0.12674
   0.35539   0.12603
   0.34343   0.12520
   0.33149   0.12428
   0.31956   0.12320
   0.30764   0.12201
   0.29573   0.12062
   0.28385   0.11909
   0.27199   0.11739
   0.26016   0.11551
   0.24835   0.11350
   0.23657   0.11130
   0.22481   0.10903
   0.21308   0.10659
   0.20137   0.10405
   0.18968   0.10142
   0.17802   0.09866
   0.16638   0.09583
   0.15477   0.09289
   0.14320   0.08978
   0.13167   0.08651
   0.12020   0.08305
   0.10883   0.07927
   0.09756   0.07521
   0.08642   0.07081
   0.07542   0.06606
   0.06461   0.06089
   0.05402   0.05530
   0.04363   0.04934
   0.03847   0.04629
   0.03744   0.04566
   0.03641   0.04502
   0.03538   0.04439
   0.03435   0.04376
   0.03332   0.04312
   0.03229   0.04248
   0.03127   0.04183
   0.03025   0.04118
   0.02923   0.04053
   0.02822   0.03987
   0.02721   0.03919
   0.02621   0.03851
   0.02521   0.03782
   0.02423   0.03712
   0.02325   0.03641
   0.02229   0.03568
   0.02133   0.03494
   0.02038   0.03418
   0.01945   0.03342
   0.01851   0.03265
   0.01758   0.03188
   0.01666   0.03109
   0.01576   0.03029
   0.01486   0.02948
   0.01398   0.02865
   0.01313   0.02779
   0.01229   0.02692
   0.01147   0.02603
   0.01067   0.02511
   0.00990   0.02418
   0.00915   0.02323
   0.00842   0.02227
   0.00772   0.02129
   0.00704   0.02029
   0.00638   0.01928
   0.00575   0.01825
   0.00514   0.01721
   0.00456   0.01615
   0.00400   0.01508
   0.00348   0.01399
   0.00298   0.01289
   0.00252   0.01177
   0.00209   0.01064
   0.00170   0.00950
   0.00134   0.00835
   0.00103   0.00718
   0.00075   0.00600
   0.00051   0.00482
   0.00031   0.00362
   0.00016   0.00242
   0.00006   0.00121
   0.00000   0.00000
  -0.00000  -0.00121
   0.00005  -0.00242
   0.00015  -0.00363
   0.00032  -0.00483
   0.00054  -0.00603
   0.00081  -0.00721
   0.00114  -0.00837
   0.00153  -0.00952
   0.00196  -0.01065
   0.00244  -0.01176
   0.00297  -0.01285
   0.00354  -0.01392
   0.00415  -0.01497
   0.00479  -0.01599
   0.00547  -0.01699
   0.00619  -0.01796
   0.00694  -0.01891
   0.00773  -0.01983
   0.00854  -0.02072
   0.00939  -0.02158
   0.01027  -0.02241
   0.01118  -0.02321
   0.01211  -0.02397
   0.01308  -0.02471
   0.01406  -0.02541
   0.01507  -0.02608
   0.01610  -0.02671
   0.01715  -0.02732
   0.01821  -0.02790
   0.01930  -0.02844
   0.02039  -0.02896
   0.02150  -0.02944
   0.02263  -0.02989
   0.02376  -0.03031
   0.02490  -0.03071
   0.02606  -0.03108
   0.02722  -0.03144
   0.02838  -0.03177
   0.02954  -0.03209
   0.03072  -0.03240
   0.03189  -0.03269
   0.03307  -0.03296
   0.03425  -0.03323
   0.03543  -0.03348
   0.03661  -0.03372
   0.03780  -0.03395
   0.03899  -0.03417
   0.04490  -0.03514
   0.05678  -0.03668
   0.06868  -0.03806
   0.08061  -0.03919
   0.09256  -0.04004
   0.10453  -0.04064
   0.11650  -0.04100
   0.12848  -0.04115
   0.14046  -0.04113
   0.15244  -0.04095
   0.16442  -0.04067
   0.17640  -0.04030
   0.18837  -0.03989
   0.20034  -0.03947
   0.21232  -0.03904
   0.22429  -0.03861
   0.23626  -0.03818
   0.24824  -0.03776
   0.26021  -0.03734
   0.27218  -0.03692
   0.28416  -0.03649
   0.29613  -0.03607
   0.30811  -0.03563
   0.32008  -0.03519
   0.33205  -0.03475
   0.34402  -0.03431
   0.35600  -0.03387
   0.36797  -0.03343
   0.37994  -0.03303
   0.39192  -0.03262
   0.40389  -0.03224
   0.41587  -0.03190
   0.42785  -0.03156
   0.43982  -0.03124
   0.45180  -0.03095
   0.46378  -0.03064
   0.47575  -0.03035
   0.48773  -0.03007
   0.49971  -0.02978
   0.51169  -0.02954
   0.52367  -0.02930
   0.53565  -0.02907
   0.54763  -0.02891
   0.55961  -0.02874
   0.57159  -0.02862
   0.58357  -0.02855
   0.59555  -0.02848
   0.60753  -0.02848
   0.61951  -0.02851
   0.63149  -0.02854
   0.64347  -0.02865
   0.65545  -0.02877
   0.66743  -0.02889
   0.67941  -0.02908
   0.69139  -0.02926
   0.70337  -0.02945
   0.71535  -0.02968
   0.72733  -0.02992
   0.73931  -0.03015
   0.75128  -0.03041
   0.76326  -0.03069
   0.77524  -0.03097
   0.78722  -0.03124
   0.79920  -0.03152
   0.81117  -0.03182
   0.82315  -0.03211
   0.83513  -0.03240
   0.84711  -0.03268
   0.85908  -0.03295
   0.87106  -0.03321
   0.88304  -0.03333
   0.89502  -0.03372
   0.90699  -0.03415
   0.91896  -0.03463
   0.93093  -0.03517
   0.94290  -0.03565
   0.95488  -0.03563
   0.96679  -0.03443
   0.97832  -0.03127
   0.98885  -0.02563
   0.99681  -0.01686
   1.00000  -0.00549
