SUI_Endurance_test2 r/R 0.6599
   1.00000   0.00793
   0.98902   0.01177
   0.97783   0.01492
   0.96644   0.01726
   0.95500   0.01937
   0.94356   0.02150
   0.93213   0.02364
   0.92069   0.02576
   0.90925   0.02787
   0.89781   0.02994
   0.88636   0.03199
   0.87490   0.03401
   0.86344   0.03599
   0.85197   0.03794
   0.84049   0.03983
   0.82901   0.04168
   0.81752   0.04351
   0.80602   0.04524
   0.79452   0.04697
   0.78301   0.04865
   0.77149   0.05028
   0.75997   0.05190
   0.74843   0.05338
   0.73690   0.05488
   0.72537   0.05643
   0.71384   0.05797
   0.70231   0.05947
   0.69077   0.06093
   0.67922   0.06235
   0.66767   0.06373
   0.65612   0.06506
   0.64456   0.06635
   0.63299   0.06758
   0.62142   0.06877
   0.60984   0.06989
   0.59826   0.07098
   0.58667   0.07199
   0.57508   0.07298
   0.56348   0.07387
   0.55189   0.07477
   0.54028   0.07555
   0.52867   0.07633
   0.51706   0.07703
   0.50545   0.07768
   0.49383   0.07829
   0.48221   0.07882
   0.47059   0.07934
   0.45897   0.07975
   0.44734   0.08017
   0.43572   0.08047
   0.42409   0.08076
   0.41246   0.08097
   0.40083   0.08112
   0.38919   0.08123
   0.37756   0.08123
   0.36593   0.08121
   0.35430   0.08103
   0.34267   0.08088
   0.33104   0.08053
   0.31941   0.08019
   0.30779   0.07976
   0.29617   0.07934
   0.28455   0.07877
   0.27293   0.07821
   0.26132   0.07749
   0.24971   0.07676
   0.23811   0.07585
   0.22652   0.07494
   0.21494   0.07384
   0.20336   0.07270
   0.19180   0.07141
   0.18026   0.06998
   0.16873   0.06845
   0.15723   0.06666
   0.14576   0.06479
   0.13430   0.06275
   0.12289   0.06051
   0.11151   0.05811
   0.10017   0.05550
   0.08891   0.05261
   0.07775   0.04930
   0.06672   0.04563
   0.05582   0.04156
   0.04507   0.03712
   0.03974   0.03480
   0.03883   0.03440
   0.03791   0.03399
   0.03700   0.03359
   0.03609   0.03318
   0.03518   0.03277
   0.03427   0.03236
   0.03336   0.03194
   0.03245   0.03152
   0.03155   0.03111
   0.03064   0.03069
   0.02973   0.03027
   0.02883   0.02984
   0.02793   0.02942
   0.02702   0.02899
   0.02612   0.02856
   0.02522   0.02813
   0.02433   0.02769
   0.02343   0.02724
   0.02254   0.02679
   0.02165   0.02633
   0.02077   0.02586
   0.01990   0.02538
   0.01903   0.02489
   0.01817   0.02439
   0.01731   0.02387
   0.01647   0.02333
   0.01563   0.02279
   0.01480   0.02224
   0.01398   0.02167
   0.01317   0.02110
   0.01236   0.02052
   0.01156   0.01992
   0.01077   0.01932
   0.01000   0.01869
   0.00923   0.01805
   0.00848   0.01739
   0.00775   0.01671
   0.00703   0.01601
   0.00634   0.01529
   0.00568   0.01454
   0.00505   0.01376
   0.00445   0.01296
   0.00389   0.01214
   0.00336   0.01129
   0.00287   0.01043
   0.00241   0.00954
   0.00198   0.00865
   0.00159   0.00774
   0.00124   0.00681
   0.00092   0.00588
   0.00065   0.00493
   0.00042   0.00396
   0.00023   0.00298
   0.00010   0.00199
   0.00002   0.00100
   0.00000   0.00000
   0.00006  -0.00099
   0.00019  -0.00197
   0.00042  -0.00293
   0.00072  -0.00387
   0.00110  -0.00478
   0.00155  -0.00567
   0.00205  -0.00653
   0.00261  -0.00736
   0.00320  -0.00816
   0.00384  -0.00891
   0.00451  -0.00964
   0.00522  -0.01032
   0.00596  -0.01097
   0.00675  -0.01158
   0.00756  -0.01215
   0.00840  -0.01268
   0.00927  -0.01317
   0.01017  -0.01362
   0.01108  -0.01403
   0.01201  -0.01439
   0.01296  -0.01471
   0.01392  -0.01500
   0.01489  -0.01525
   0.01586  -0.01547
   0.01685  -0.01566
   0.01783  -0.01582
   0.01882  -0.01597
   0.01981  -0.01609
   0.02080  -0.01620
   0.02180  -0.01629
   0.02279  -0.01637
   0.02379  -0.01644
   0.02478  -0.01650
   0.02578  -0.01655
   0.02678  -0.01659
   0.02777  -0.01662
   0.02877  -0.01665
   0.02977  -0.01668
   0.03077  -0.01670
   0.03177  -0.01671
   0.03277  -0.01672
   0.03377  -0.01673
   0.03476  -0.01674
   0.04058  -0.01678
   0.05221  -0.01683
   0.06384  -0.01673
   0.07547  -0.01641
   0.08709  -0.01595
   0.09871  -0.01538
   0.11033  -0.01475
   0.12194  -0.01406
   0.13355  -0.01334
   0.14515  -0.01257
   0.15676  -0.01176
   0.16836  -0.01091
   0.17996  -0.01003
   0.19155  -0.00913
   0.20315  -0.00822
   0.21475  -0.00734
   0.22635  -0.00648
   0.23796  -0.00570
   0.24956  -0.00494
   0.26117  -0.00422
   0.27278  -0.00352
   0.28440  -0.00285
   0.29601  -0.00218
   0.30762  -0.00153
   0.31924  -0.00089
   0.33085  -0.00026
   0.34247   0.00036
   0.35408   0.00096
   0.36570   0.00155
   0.37732   0.00213
   0.38894   0.00270
   0.40056   0.00326
   0.41218   0.00379
   0.42380   0.00432
   0.43542   0.00483
   0.44704   0.00532
   0.45866   0.00579
   0.47028   0.00624
   0.48191   0.00667
   0.49353   0.00708
   0.50516   0.00745
   0.51679   0.00777
   0.52842   0.00806
   0.54005   0.00828
   0.55168   0.00847
   0.56331   0.00860
   0.57494   0.00872
   0.58657   0.00880
   0.59820   0.00885
   0.60984   0.00889
   0.62147   0.00888
   0.63310   0.00886
   0.64473   0.00879
   0.65636   0.00871
   0.66799   0.00856
   0.67962   0.00837
   0.69125   0.00814
   0.70288   0.00786
   0.71451   0.00754
   0.72614   0.00718
   0.73776   0.00677
   0.74939   0.00634
   0.76101   0.00588
   0.77263   0.00538
   0.78425   0.00486
   0.79587   0.00433
   0.80749   0.00378
   0.81911   0.00320
   0.83072   0.00261
   0.84234   0.00199
   0.85395   0.00134
   0.86557   0.00065
   0.87717  -0.00009
   0.88878  -0.00087
   0.90038  -0.00169
   0.91199  -0.00252
   0.92359  -0.00335
   0.93519  -0.00420
   0.94679  -0.00507
   0.95839  -0.00595
   0.96999  -0.00679
   0.98160  -0.00748
   1.00000  -0.00787
