SUI_Endurance_test2 r/R 0.5362
   1.00000   0.00845
   0.98891   0.01191
   0.97763   0.01472
   0.96626   0.01709
   0.95488   0.01945
   0.94350   0.02181
   0.93211   0.02413
   0.92071   0.02639
   0.90930   0.02858
   0.89788   0.03073
   0.88646   0.03286
   0.87503   0.03496
   0.86360   0.03705
   0.85216   0.03912
   0.84072   0.04116
   0.82927   0.04314
   0.81781   0.04506
   0.80634   0.04695
   0.79486   0.04874
   0.78337   0.05050
   0.77188   0.05221
   0.76038   0.05388
   0.74887   0.05552
   0.73736   0.05709
   0.72585   0.05867
   0.71433   0.06018
   0.70280   0.06169
   0.69127   0.06314
   0.67974   0.06456
   0.66819   0.06587
   0.65665   0.06720
   0.64510   0.06848
   0.63355   0.06974
   0.62198   0.07091
   0.61042   0.07208
   0.59885   0.07312
   0.58728   0.07418
   0.57569   0.07511
   0.56411   0.07603
   0.55252   0.07685
   0.54092   0.07764
   0.52932   0.07836
   0.51772   0.07901
   0.50612   0.07964
   0.49451   0.08017
   0.48290   0.08069
   0.47129   0.08110
   0.45967   0.08152
   0.44806   0.08183
   0.43644   0.08213
   0.42482   0.08235
   0.41320   0.08253
   0.40158   0.08264
   0.38996   0.08267
   0.37834   0.08266
   0.36672   0.08252
   0.35510   0.08236
   0.34348   0.08203
   0.33187   0.08171
   0.32026   0.08121
   0.30865   0.08071
   0.29705   0.08003
   0.28544   0.07937
   0.27385   0.07853
   0.26226   0.07769
   0.25068   0.07672
   0.23910   0.07573
   0.22753   0.07464
   0.21597   0.07347
   0.20442   0.07218
   0.19289   0.07075
   0.18137   0.06924
   0.16988   0.06752
   0.15840   0.06572
   0.14693   0.06380
   0.13551   0.06168
   0.12411   0.05942
   0.11275   0.05699
   0.10144   0.05432
   0.09019   0.05138
   0.07904   0.04814
   0.06799   0.04454
   0.05710   0.04050
   0.04638   0.03601
   0.03586   0.03108
   0.03496   0.03065
   0.03407   0.03021
   0.03317   0.02976
   0.03228   0.02932
   0.03138   0.02888
   0.03049   0.02843
   0.02960   0.02799
   0.02871   0.02754
   0.02782   0.02709
   0.02693   0.02664
   0.02604   0.02618
   0.02515   0.02573
   0.02426   0.02528
   0.02337   0.02482
   0.02249   0.02436
   0.02161   0.02389
   0.02073   0.02342
   0.01985   0.02294
   0.01898   0.02245
   0.01812   0.02196
   0.01725   0.02146
   0.01639   0.02096
   0.01553   0.02046
   0.01467   0.01995
   0.01381   0.01944
   0.01296   0.01892
   0.01212   0.01838
   0.01130   0.01782
   0.01049   0.01724
   0.00970   0.01663
   0.00893   0.01599
   0.00818   0.01533
   0.00746   0.01464
   0.00676   0.01392
   0.00608   0.01319
   0.00543   0.01244
   0.00480   0.01167
   0.00420   0.01088
   0.00363   0.01008
   0.00309   0.00925
   0.00258   0.00841
   0.00210   0.00755
   0.00166   0.00667
   0.00126   0.00577
   0.00091   0.00485
   0.00061   0.00391
   0.00037   0.00296
   0.00018   0.00198
   0.00006   0.00099
   0.00000   0.00000
   0.00001  -0.00099
   0.00009  -0.00198
   0.00025  -0.00296
   0.00048  -0.00393
   0.00078  -0.00487
   0.00114  -0.00580
   0.00157  -0.00669
   0.00207  -0.00756
   0.00262  -0.00839
   0.00322  -0.00918
   0.00388  -0.00993
   0.00458  -0.01064
   0.00532  -0.01132
   0.00610  -0.01195
   0.00691  -0.01253
   0.00775  -0.01308
   0.00862  -0.01358
   0.00951  -0.01404
   0.01042  -0.01446
   0.01134  -0.01484
   0.01228  -0.01518
   0.01322  -0.01549
   0.01418  -0.01577
   0.01515  -0.01602
   0.01612  -0.01624
   0.01709  -0.01644
   0.01807  -0.01661
   0.01906  -0.01677
   0.02004  -0.01691
   0.02103  -0.01703
   0.02202  -0.01714
   0.02301  -0.01723
   0.02401  -0.01732
   0.02500  -0.01739
   0.02600  -0.01745
   0.02699  -0.01751
   0.02799  -0.01756
   0.02899  -0.01760
   0.02998  -0.01764
   0.03098  -0.01768
   0.03198  -0.01771
   0.03297  -0.01774
   0.03397  -0.01777
   0.03497  -0.01780
   0.03597  -0.01782
   0.03696  -0.01785
   0.03796  -0.01787
   0.03896  -0.01790
   0.03996  -0.01792
   0.04577  -0.01801
   0.05739  -0.01810
   0.06901  -0.01798
   0.08062  -0.01769
   0.09224  -0.01727
   0.10384  -0.01672
   0.11545  -0.01606
   0.12704  -0.01531
   0.13864  -0.01451
   0.15023  -0.01367
   0.16182  -0.01281
   0.17340  -0.01192
   0.18499  -0.01101
   0.19657  -0.01009
   0.20816  -0.00918
   0.21974  -0.00831
   0.23133  -0.00743
   0.24292  -0.00659
   0.25452  -0.00578
   0.26611  -0.00497
   0.27770  -0.00419
   0.28930  -0.00341
   0.30089  -0.00265
   0.31249  -0.00190
   0.32409  -0.00116
   0.33569  -0.00044
   0.34728   0.00027
   0.35889   0.00096
   0.37049   0.00163
   0.38209   0.00229
   0.39369   0.00293
   0.40530   0.00355
   0.41690   0.00414
   0.42851   0.00472
   0.44012   0.00528
   0.45173   0.00581
   0.46333   0.00632
   0.47495   0.00679
   0.48656   0.00725
   0.49817   0.00766
   0.50979   0.00805
   0.52140   0.00840
   0.53302   0.00872
   0.54464   0.00900
   0.55625   0.00924
   0.56787   0.00946
   0.57949   0.00961
   0.59111   0.00975
   0.60273   0.00984
   0.61435   0.00990
   0.62597   0.00992
   0.63760   0.00989
   0.64922   0.00984
   0.66084   0.00973
   0.67246   0.00959
   0.68408   0.00943
   0.69570   0.00920
   0.70731   0.00896
   0.71893   0.00866
   0.73055   0.00832
   0.74216   0.00795
   0.75377   0.00752
   0.76538   0.00701
   0.77699   0.00642
   0.78860   0.00587
   0.80020   0.00529
   0.81181   0.00469
   0.82341   0.00406
   0.83502   0.00340
   0.84662   0.00271
   0.85821   0.00199
   0.86981   0.00124
   0.88140   0.00045
   0.89300  -0.00037
   0.90459  -0.00123
   0.91617  -0.00213
   0.92775  -0.00307
   0.93933  -0.00404
   0.95091  -0.00506
   0.96248  -0.00615
   0.97405  -0.00729
   0.98564  -0.00809
   1.00000  -0.00843
