SUI_Endurance_test2 r/R 0.9074
   1.00000   0.01506
   0.98877   0.01814
   0.97748   0.02096
   0.96607   0.02328
   0.95460   0.02529
   0.94311   0.02716
   0.93161   0.02895
   0.92009   0.03068
   0.90857   0.03237
   0.89705   0.03405
   0.88553   0.03571
   0.87400   0.03736
   0.86248   0.03899
   0.85095   0.04061
   0.83942   0.04222
   0.82788   0.04380
   0.81634   0.04536
   0.80480   0.04690
   0.79326   0.04840
   0.78171   0.04987
   0.77016   0.05131
   0.75859   0.05269
   0.74703   0.05405
   0.73546   0.05534
   0.72389   0.05662
   0.71231   0.05786
   0.70074   0.05909
   0.68916   0.06032
   0.67758   0.06154
   0.66600   0.06273
   0.65442   0.06390
   0.64283   0.06502
   0.63124   0.06613
   0.61964   0.06713
   0.60804   0.06813
   0.59643   0.06899
   0.58482   0.06984
   0.57320   0.07060
   0.56158   0.07131
   0.54995   0.07197
   0.53832   0.07255
   0.52670   0.07312
   0.51506   0.07356
   0.50343   0.07400
   0.49179   0.07437
   0.48015   0.07468
   0.46851   0.07496
   0.45687   0.07513
   0.44523   0.07531
   0.43359   0.07537
   0.42195   0.07540
   0.41030   0.07537
   0.39866   0.07529
   0.38702   0.07517
   0.37538   0.07494
   0.36374   0.07472
   0.35210   0.07439
   0.34046   0.07405
   0.32883   0.07361
   0.31720   0.07312
   0.30557   0.07253
   0.29395   0.07185
   0.28233   0.07109
   0.27072   0.07022
   0.25911   0.06931
   0.24751   0.06833
   0.23591   0.06732
   0.22432   0.06626
   0.21273   0.06517
   0.20114   0.06403
   0.18956   0.06283
   0.17798   0.06159
   0.16642   0.06025
   0.15486   0.05886
   0.14331   0.05737
   0.13178   0.05577
   0.12026   0.05409
   0.10877   0.05224
   0.09731   0.05019
   0.08588   0.04795
   0.07451   0.04547
   0.06320   0.04269
   0.05197   0.03963
   0.04079   0.03638
   0.03525   0.03459
   0.03426   0.03422
   0.03327   0.03386
   0.03228   0.03350
   0.03128   0.03314
   0.03029   0.03277
   0.02929   0.03241
   0.02830   0.03203
   0.02731   0.03165
   0.02633   0.03125
   0.02536   0.03083
   0.02440   0.03039
   0.02345   0.02993
   0.02251   0.02945
   0.02157   0.02895
   0.02065   0.02844
   0.01973   0.02792
   0.01881   0.02740
   0.01789   0.02687
   0.01698   0.02634
   0.01608   0.02579
   0.01519   0.02522
   0.01431   0.02463
   0.01345   0.02401
   0.01261   0.02337
   0.01179   0.02270
   0.01099   0.02200
   0.01021   0.02129
   0.00945   0.02055
   0.00872   0.01979
   0.00801   0.01901
   0.00732   0.01821
   0.00666   0.01740
   0.00601   0.01657
   0.00538   0.01572
   0.00478   0.01486
   0.00420   0.01398
   0.00365   0.01309
   0.00312   0.01217
   0.00263   0.01123
   0.00218   0.01028
   0.00176   0.00931
   0.00139   0.00832
   0.00105   0.00731
   0.00077   0.00629
   0.00052   0.00526
   0.00033   0.00422
   0.00018   0.00317
   0.00008   0.00212
   0.00002   0.00106
   0.00000   0.00000
   0.00002  -0.00106
   0.00009  -0.00211
   0.00020  -0.00316
   0.00035  -0.00421
   0.00054  -0.00525
   0.00078  -0.00628
   0.00106  -0.00730
   0.00138  -0.00830
   0.00174  -0.00929
   0.00214  -0.01027
   0.00258  -0.01123
   0.00307  -0.01216
   0.00359  -0.01308
   0.00415  -0.01397
   0.00474  -0.01484
   0.00537  -0.01568
   0.00604  -0.01649
   0.00673  -0.01728
   0.00745  -0.01804
   0.00820  -0.01879
   0.00897  -0.01951
   0.00976  -0.02021
   0.01057  -0.02089
   0.01140  -0.02155
   0.01226  -0.02218
   0.01314  -0.02276
   0.01405  -0.02330
   0.01498  -0.02379
   0.01595  -0.02423
   0.01693  -0.02464
   0.01792  -0.02501
   0.01892  -0.02536
   0.01993  -0.02569
   0.02094  -0.02600
   0.02195  -0.02630
   0.02297  -0.02658
   0.02398  -0.02684
   0.02501  -0.02709
   0.02604  -0.02733
   0.02707  -0.02754
   0.02811  -0.02774
   0.02915  -0.02793
   0.03020  -0.02809
   0.03125  -0.02824
   0.03230  -0.02836
   0.03336  -0.02847
   0.03441  -0.02856
   0.03547  -0.02863
   0.03652  -0.02868
   0.04233  -0.02901
   0.05397  -0.02932
   0.06561  -0.02939
   0.07726  -0.02926
   0.08889  -0.02897
   0.10053  -0.02856
   0.11216  -0.02806
   0.12379  -0.02750
   0.13542  -0.02691
   0.14704  -0.02629
   0.15867  -0.02567
   0.17030  -0.02505
   0.18192  -0.02445
   0.19355  -0.02385
   0.20518  -0.02328
   0.21681  -0.02272
   0.22844  -0.02218
   0.24007  -0.02164
   0.25170  -0.02110
   0.26333  -0.02056
   0.27496  -0.02003
   0.28659  -0.01949
   0.29822  -0.01897
   0.30985  -0.01846
   0.32148  -0.01796
   0.33312  -0.01749
   0.34475  -0.01703
   0.35638  -0.01661
   0.36802  -0.01620
   0.37966  -0.01584
   0.39129  -0.01549
   0.40293  -0.01518
   0.41457  -0.01490
   0.42621  -0.01467
   0.43785  -0.01443
   0.44949  -0.01420
   0.46113  -0.01398
   0.47277  -0.01377
   0.48441  -0.01358
   0.49606  -0.01339
   0.50770  -0.01321
   0.51934  -0.01304
   0.53098  -0.01289
   0.54262  -0.01275
   0.55426  -0.01264
   0.56591  -0.01253
   0.57755  -0.01246
   0.58919  -0.01239
   0.60083  -0.01237
   0.61248  -0.01236
   0.62412  -0.01239
   0.63576  -0.01243
   0.64740  -0.01249
   0.65905  -0.01257
   0.67069  -0.01266
   0.68233  -0.01275
   0.69397  -0.01284
   0.70561  -0.01294
   0.71726  -0.01304
   0.72890  -0.01315
   0.74054  -0.01329
   0.75218  -0.01344
   0.76382  -0.01364
   0.77546  -0.01387
   0.78710  -0.01412
   0.79874  -0.01440
   0.81038  -0.01471
   0.82202  -0.01502
   0.83366  -0.01534
   0.84530  -0.01565
   0.85693  -0.01596
   0.86857  -0.01626
   0.88021  -0.01655
   0.89185  -0.01681
   0.90349  -0.01705
   0.91513  -0.01725
   0.92677  -0.01743
   0.93841  -0.01755
   0.95006  -0.01763
   0.96170  -0.01763
   0.97334  -0.01736
   0.98494  -0.01642
   1.00000  -0.01501
