SUI_Endurance_test2 r/R 0.6187
   1.00000   0.00798
   0.98901   0.01177
   0.97779   0.01481
   0.96637   0.01698
   0.95492   0.01899
   0.94348   0.02110
   0.93204   0.02319
   0.92060   0.02526
   0.90916   0.02731
   0.89771   0.02936
   0.88626   0.03141
   0.87482   0.03347
   0.86338   0.03553
   0.85193   0.03757
   0.84047   0.03957
   0.82901   0.04154
   0.81754   0.04343
   0.80606   0.04525
   0.79457   0.04705
   0.78307   0.04877
   0.77156   0.05045
   0.76005   0.05210
   0.74854   0.05370
   0.73702   0.05529
   0.72549   0.05685
   0.71397   0.05840
   0.70243   0.05984
   0.69089   0.06128
   0.67934   0.06264
   0.66780   0.06400
   0.65624   0.06528
   0.64468   0.06656
   0.63311   0.06775
   0.62155   0.06894
   0.60997   0.07002
   0.59839   0.07110
   0.58681   0.07209
   0.57522   0.07306
   0.56363   0.07396
   0.55203   0.07481
   0.54043   0.07562
   0.52882   0.07635
   0.51722   0.07707
   0.50561   0.07768
   0.49399   0.07830
   0.48238   0.07880
   0.47076   0.07930
   0.45914   0.07970
   0.44752   0.08008
   0.43589   0.08039
   0.42427   0.08063
   0.41264   0.08084
   0.40101   0.08094
   0.38939   0.08105
   0.37776   0.08102
   0.36613   0.08098
   0.35450   0.08083
   0.34288   0.08066
   0.33125   0.08041
   0.31963   0.08013
   0.30801   0.07976
   0.29639   0.07934
   0.28477   0.07884
   0.27315   0.07828
   0.26154   0.07764
   0.24994   0.07695
   0.23834   0.07607
   0.22675   0.07511
   0.21519   0.07392
   0.20363   0.07267
   0.19209   0.07125
   0.18056   0.06975
   0.16904   0.06815
   0.15755   0.06639
   0.14607   0.06452
   0.13462   0.06246
   0.12322   0.06020
   0.11185   0.05774
   0.10054   0.05507
   0.08930   0.05209
   0.07816   0.04877
   0.06712   0.04512
   0.05621   0.04109
   0.04544   0.03672
   0.04009   0.03443
   0.03918   0.03404
   0.03826   0.03364
   0.03735   0.03324
   0.03643   0.03284
   0.03552   0.03243
   0.03461   0.03202
   0.03370   0.03161
   0.03279   0.03120
   0.03188   0.03079
   0.03097   0.03037
   0.03007   0.02995
   0.02916   0.02953
   0.02826   0.02911
   0.02735   0.02869
   0.02645   0.02826
   0.02555   0.02783
   0.02465   0.02740
   0.02375   0.02696
   0.02286   0.02651
   0.02197   0.02606
   0.02108   0.02560
   0.02020   0.02513
   0.01933   0.02464
   0.01847   0.02415
   0.01761   0.02363
   0.01676   0.02311
   0.01592   0.02258
   0.01508   0.02204
   0.01425   0.02148
   0.01343   0.02092
   0.01261   0.02035
   0.01180   0.01977
   0.01101   0.01918
   0.01022   0.01856
   0.00945   0.01793
   0.00869   0.01728
   0.00795   0.01661
   0.00723   0.01591
   0.00654   0.01520
   0.00587   0.01445
   0.00523   0.01368
   0.00462   0.01289
   0.00405   0.01208
   0.00351   0.01124
   0.00300   0.01038
   0.00253   0.00951
   0.00209   0.00862
   0.00168   0.00772
   0.00131   0.00680
   0.00099   0.00587
   0.00070   0.00492
   0.00046   0.00396
   0.00026   0.00298
   0.00011   0.00199
   0.00002   0.00100
   0.00000   0.00000
   0.00005  -0.00099
   0.00018  -0.00197
   0.00039  -0.00293
   0.00069  -0.00387
   0.00106  -0.00479
   0.00150  -0.00568
   0.00200  -0.00655
   0.00255  -0.00737
   0.00314  -0.00817
   0.00377  -0.00892
   0.00445  -0.00964
   0.00516  -0.01032
   0.00591  -0.01097
   0.00669  -0.01157
   0.00751  -0.01214
   0.00835  -0.01267
   0.00922  -0.01316
   0.01012  -0.01360
   0.01104  -0.01401
   0.01197  -0.01436
   0.01292  -0.01467
   0.01389  -0.01494
   0.01486  -0.01518
   0.01584  -0.01538
   0.01682  -0.01555
   0.01781  -0.01570
   0.01880  -0.01583
   0.01979  -0.01594
   0.02079  -0.01603
   0.02178  -0.01611
   0.02277  -0.01617
   0.02377  -0.01623
   0.02477  -0.01627
   0.02576  -0.01631
   0.02676  -0.01634
   0.02776  -0.01637
   0.02876  -0.01639
   0.02976  -0.01640
   0.03075  -0.01641
   0.03175  -0.01642
   0.03275  -0.01643
   0.03375  -0.01643
   0.03475  -0.01644
   0.04056  -0.01645
   0.05219  -0.01648
   0.06382  -0.01639
   0.07544  -0.01613
   0.08706  -0.01575
   0.09868  -0.01528
   0.11030  -0.01474
   0.12191  -0.01414
   0.13352  -0.01349
   0.14513  -0.01280
   0.15673  -0.01205
   0.16833  -0.01124
   0.17993  -0.01040
   0.19152  -0.00954
   0.20312  -0.00871
   0.21472  -0.00789
   0.22632  -0.00709
   0.23791  -0.00618
   0.24951  -0.00535
   0.26111  -0.00456
   0.27272  -0.00381
   0.28432  -0.00308
   0.29593  -0.00236
   0.30754  -0.00167
   0.31914  -0.00100
   0.33075  -0.00035
   0.34236   0.00029
   0.35398   0.00091
   0.36559   0.00152
   0.37720   0.00212
   0.38881   0.00270
   0.40043   0.00328
   0.41204   0.00385
   0.42366   0.00440
   0.43527   0.00495
   0.44689   0.00547
   0.45850   0.00598
   0.47012   0.00645
   0.48174   0.00691
   0.49336   0.00732
   0.50498   0.00771
   0.51661   0.00806
   0.52823   0.00838
   0.53985   0.00866
   0.55148   0.00890
   0.56311   0.00911
   0.57473   0.00927
   0.58636   0.00941
   0.59799   0.00949
   0.60962   0.00954
   0.62124   0.00955
   0.63287   0.00953
   0.64450   0.00950
   0.65613   0.00939
   0.66775   0.00925
   0.67938   0.00906
   0.69101   0.00882
   0.70263   0.00854
   0.71425   0.00821
   0.72588   0.00784
   0.73750   0.00744
   0.74912   0.00700
   0.76074   0.00654
   0.77235   0.00605
   0.78397   0.00554
   0.79558   0.00499
   0.80720   0.00442
   0.81881   0.00383
   0.83042   0.00320
   0.84203   0.00253
   0.85364   0.00184
   0.86524   0.00111
   0.87685   0.00035
   0.88845  -0.00044
   0.90005  -0.00126
   0.91164  -0.00211
   0.92324  -0.00299
   0.93483  -0.00388
   0.94642  -0.00480
   0.95802  -0.00572
   0.96961  -0.00662
   0.98121  -0.00740
   1.00000  -0.00792
