SUI_Endurance_test2 r/R 0.9486
   1.00000   0.01729
   0.98917   0.02153
   0.97825   0.02551
   0.96712   0.02888
   0.95578   0.03140
   0.94430   0.03325
   0.93278   0.03481
   0.92125   0.03633
   0.90973   0.03789
   0.89821   0.03946
   0.88668   0.04100
   0.87515   0.04251
   0.86362   0.04395
   0.85207   0.04530
   0.84051   0.04658
   0.82895   0.04780
   0.81738   0.04896
   0.80581   0.05008
   0.79423   0.05118
   0.78266   0.05225
   0.77108   0.05332
   0.75950   0.05439
   0.74792   0.05545
   0.73634   0.05652
   0.72476   0.05756
   0.71318   0.05859
   0.70159   0.05955
   0.69001   0.06050
   0.67841   0.06136
   0.66682   0.06222
   0.65522   0.06301
   0.64361   0.06379
   0.63201   0.06454
   0.62041   0.06527
   0.60880   0.06598
   0.59720   0.06666
   0.58559   0.06733
   0.57398   0.06793
   0.56236   0.06853
   0.55075   0.06905
   0.53913   0.06956
   0.52752   0.07001
   0.51589   0.07038
   0.50427   0.07075
   0.49265   0.07097
   0.48102   0.07118
   0.46940   0.07130
   0.45777   0.07135
   0.44614   0.07138
   0.43452   0.07129
   0.42289   0.07121
   0.41126   0.07101
   0.39964   0.07077
   0.38802   0.07045
   0.37640   0.07002
   0.36478   0.06956
   0.35317   0.06895
   0.34156   0.06833
   0.32996   0.06757
   0.31836   0.06679
   0.30676   0.06592
   0.29517   0.06500
   0.28359   0.06403
   0.27200   0.06302
   0.26042   0.06199
   0.24884   0.06092
   0.23727   0.05985
   0.22569   0.05876
   0.21411   0.05766
   0.20254   0.05657
   0.19096   0.05547
   0.17939   0.05438
   0.16781   0.05328
   0.15624   0.05219
   0.14466   0.05109
   0.13309   0.04999
   0.12151   0.04894
   0.10991   0.04808
   0.09841   0.04642
   0.08696   0.04442
   0.07553   0.04231
   0.06412   0.04008
   0.05273   0.03773
   0.04138   0.03520
   0.03577   0.03370
   0.03476   0.03338
   0.03375   0.03307
   0.03275   0.03276
   0.03174   0.03245
   0.03073   0.03213
   0.02972   0.03180
   0.02872   0.03146
   0.02772   0.03110
   0.02673   0.03073
   0.02575   0.03034
   0.02478   0.02992
   0.02382   0.02949
   0.02287   0.02903
   0.02193   0.02855
   0.02099   0.02806
   0.02006   0.02756
   0.01914   0.02705
   0.01822   0.02654
   0.01730   0.02602
   0.01639   0.02548
   0.01550   0.02492
   0.01462   0.02434
   0.01375   0.02374
   0.01290   0.02311
   0.01207   0.02245
   0.01126   0.02177
   0.01047   0.02107
   0.00970   0.02035
   0.00895   0.01960
   0.00822   0.01884
   0.00752   0.01805
   0.00684   0.01725
   0.00618   0.01643
   0.00554   0.01560
   0.00493   0.01474
   0.00434   0.01387
   0.00378   0.01298
   0.00325   0.01208
   0.00275   0.01115
   0.00229   0.01021
   0.00187   0.00924
   0.00148   0.00826
   0.00114   0.00727
   0.00084   0.00626
   0.00058   0.00523
   0.00037   0.00420
   0.00021   0.00316
   0.00009   0.00211
   0.00002   0.00106
   0.00000   0.00000
   0.00003  -0.00105
   0.00010  -0.00211
   0.00022  -0.00315
   0.00040  -0.00419
   0.00062  -0.00522
   0.00090  -0.00623
   0.00123  -0.00723
   0.00160  -0.00821
   0.00202  -0.00918
   0.00249  -0.01012
   0.00301  -0.01103
   0.00357  -0.01192
   0.00417  -0.01278
   0.00480  -0.01362
   0.00547  -0.01443
   0.00617  -0.01522
   0.00691  -0.01597
   0.00767  -0.01670
   0.00845  -0.01740
   0.00926  -0.01808
   0.01009  -0.01873
   0.01093  -0.01936
   0.01180  -0.01997
   0.01268  -0.02055
   0.01357  -0.02111
   0.01449  -0.02164
   0.01542  -0.02215
   0.01636  -0.02263
   0.01732  -0.02308
   0.01829  -0.02350
   0.01927  -0.02390
   0.02026  -0.02427
   0.02125  -0.02462
   0.02226  -0.02495
   0.02327  -0.02525
   0.02428  -0.02554
   0.02530  -0.02582
   0.02632  -0.02609
   0.02735  -0.02634
   0.02837  -0.02659
   0.02940  -0.02684
   0.03043  -0.02707
   0.03146  -0.02730
   0.03250  -0.02752
   0.03353  -0.02773
   0.03457  -0.02793
   0.03561  -0.02813
   0.03665  -0.02831
   0.03769  -0.02849
   0.04343  -0.02945
   0.05496  -0.03088
   0.06657  -0.03141
   0.07820  -0.03145
   0.08983  -0.03135
   0.10145  -0.03117
   0.11308  -0.03101
   0.12470  -0.03084
   0.13633  -0.03058
   0.14795  -0.03022
   0.15957  -0.02975
   0.17118  -0.02922
   0.18279  -0.02866
   0.19441  -0.02807
   0.20602  -0.02746
   0.21763  -0.02687
   0.22924  -0.02627
   0.24085  -0.02570
   0.25247  -0.02515
   0.26408  -0.02461
   0.27570  -0.02412
   0.28732  -0.02364
   0.29893  -0.02321
   0.31055  -0.02281
   0.32218  -0.02244
   0.33380  -0.02209
   0.34542  -0.02176
   0.35704  -0.02143
   0.36867  -0.02110
   0.38029  -0.02078
   0.39191  -0.02046
   0.40353  -0.02015
   0.41516  -0.01984
   0.42678  -0.01954
   0.43840  -0.01923
   0.45003  -0.01898
   0.46165  -0.01874
   0.47328  -0.01851
   0.48490  -0.01829
   0.49653  -0.01808
   0.50815  -0.01787
   0.51978  -0.01767
   0.53140  -0.01747
   0.54303  -0.01729
   0.55465  -0.01711
   0.56628  -0.01696
   0.57791  -0.01681
   0.58953  -0.01670
   0.60116  -0.01659
   0.61278  -0.01651
   0.62441  -0.01644
   0.63604  -0.01640
   0.64767  -0.01637
   0.65929  -0.01635
   0.67092  -0.01635
   0.68255  -0.01636
   0.69417  -0.01638
   0.70580  -0.01641
   0.71743  -0.01645
   0.72905  -0.01649
   0.74068  -0.01654
   0.75231  -0.01662
   0.76394  -0.01671
   0.77556  -0.01683
   0.78719  -0.01699
   0.79881  -0.01719
   0.81044  -0.01741
   0.82206  -0.01766
   0.83369  -0.01790
   0.84531  -0.01813
   0.85694  -0.01833
   0.86856  -0.01849
   0.88019  -0.01862
   0.89182  -0.01872
   0.90344  -0.01881
   0.91507  -0.01888
   0.92670  -0.01896
   0.93832  -0.01904
   0.94995  -0.01904
   0.96158  -0.01888
   0.97320  -0.01851
   0.98481  -0.01796
   1.00000  -0.01723
