SUI_Endurance_test2 r/R 0.4949
   1.00000   0.00837
   0.98890   0.01180
   0.97763   0.01466
   0.96627   0.01712
   0.95490   0.01953
   0.94353   0.02196
   0.93216   0.02438
   0.92078   0.02674
   0.90939   0.02905
   0.89799   0.03133
   0.88658   0.03356
   0.87517   0.03577
   0.86375   0.03796
   0.85234   0.04015
   0.84092   0.04233
   0.82949   0.04443
   0.81805   0.04649
   0.80661   0.04853
   0.79515   0.05050
   0.78369   0.05247
   0.77222   0.05432
   0.76074   0.05614
   0.74925   0.05790
   0.73775   0.05959
   0.72624   0.06126
   0.71473   0.06284
   0.70321   0.06442
   0.69168   0.06590
   0.68015   0.06739
   0.66861   0.06877
   0.65707   0.07015
   0.64551   0.07142
   0.63396   0.07268
   0.62239   0.07384
   0.61082   0.07498
   0.59925   0.07603
   0.58767   0.07706
   0.57608   0.07801
   0.56449   0.07891
   0.55290   0.07977
   0.54130   0.08056
   0.52970   0.08134
   0.51810   0.08200
   0.50649   0.08267
   0.49488   0.08321
   0.48327   0.08375
   0.47166   0.08419
   0.46004   0.08458
   0.44842   0.08491
   0.43680   0.08516
   0.42517   0.08536
   0.41355   0.08545
   0.40193   0.08554
   0.39030   0.08547
   0.37868   0.08540
   0.36706   0.08518
   0.35543   0.08495
   0.34382   0.08458
   0.33220   0.08418
   0.32059   0.08366
   0.30898   0.08309
   0.29737   0.08241
   0.28577   0.08168
   0.27418   0.08082
   0.26259   0.07992
   0.25101   0.07890
   0.23943   0.07784
   0.22787   0.07668
   0.21631   0.07548
   0.20476   0.07410
   0.19324   0.07262
   0.18173   0.07099
   0.17024   0.06920
   0.15877   0.06731
   0.14733   0.06528
   0.13591   0.06311
   0.12451   0.06082
   0.11314   0.05839
   0.10183   0.05570
   0.09058   0.05280
   0.07941   0.04960
   0.06835   0.04601
   0.05746   0.04196
   0.04678   0.03737
   0.03634   0.03228
   0.03545   0.03182
   0.03456   0.03137
   0.03367   0.03091
   0.03279   0.03044
   0.03191   0.02998
   0.03103   0.02951
   0.03015   0.02903
   0.02927   0.02856
   0.02839   0.02808
   0.02752   0.02760
   0.02665   0.02712
   0.02577   0.02663
   0.02490   0.02615
   0.02403   0.02566
   0.02316   0.02518
   0.02229   0.02468
   0.02142   0.02419
   0.02056   0.02369
   0.01969   0.02319
   0.01883   0.02269
   0.01797   0.02218
   0.01712   0.02167
   0.01626   0.02115
   0.01541   0.02063
   0.01457   0.02010
   0.01373   0.01955
   0.01290   0.01900
   0.01208   0.01843
   0.01128   0.01784
   0.01048   0.01723
   0.00971   0.01660
   0.00895   0.01595
   0.00821   0.01528
   0.00749   0.01459
   0.00679   0.01389
   0.00611   0.01317
   0.00545   0.01243
   0.00482   0.01167
   0.00421   0.01089
   0.00362   0.01009
   0.00306   0.00928
   0.00253   0.00844
   0.00204   0.00758
   0.00158   0.00670
   0.00117   0.00580
   0.00082   0.00488
   0.00053   0.00393
   0.00030   0.00297
   0.00013   0.00199
   0.00003   0.00100
   0.00000   0.00000
   0.00004  -0.00100
   0.00014  -0.00199
   0.00032  -0.00297
   0.00057  -0.00393
   0.00088  -0.00488
   0.00127  -0.00580
   0.00173  -0.00668
   0.00225  -0.00753
   0.00284  -0.00833
   0.00348  -0.00910
   0.00418  -0.00982
   0.00492  -0.01049
   0.00571  -0.01112
   0.00652  -0.01170
   0.00736  -0.01223
   0.00823  -0.01272
   0.00912  -0.01317
   0.01003  -0.01358
   0.01095  -0.01396
   0.01188  -0.01431
   0.01282  -0.01463
   0.01377  -0.01492
   0.01473  -0.01519
   0.01569  -0.01543
   0.01666  -0.01565
   0.01764  -0.01585
   0.01862  -0.01602
   0.01960  -0.01618
   0.02059  -0.01632
   0.02158  -0.01645
   0.02257  -0.01656
   0.02356  -0.01666
   0.02456  -0.01675
   0.02555  -0.01683
   0.02655  -0.01690
   0.02754  -0.01697
   0.02854  -0.01703
   0.02954  -0.01709
   0.03053  -0.01714
   0.03153  -0.01719
   0.03253  -0.01723
   0.03352  -0.01728
   0.03452  -0.01732
   0.03552  -0.01736
   0.03651  -0.01740
   0.03751  -0.01744
   0.03851  -0.01748
   0.03951  -0.01752
   0.04532  -0.01770
   0.05694  -0.01790
   0.06856  -0.01780
   0.08018  -0.01752
   0.09180  -0.01712
   0.10341  -0.01662
   0.11502  -0.01600
   0.12662  -0.01527
   0.13822  -0.01446
   0.14981  -0.01358
   0.16140  -0.01265
   0.17298  -0.01169
   0.18456  -0.01069
   0.19614  -0.00968
   0.20772  -0.00868
   0.21930  -0.00769
   0.23089  -0.00675
   0.24248  -0.00584
   0.25407  -0.00494
   0.26566  -0.00405
   0.27725  -0.00317
   0.28884  -0.00230
   0.30044  -0.00146
   0.31203  -0.00065
   0.32363   0.00014
   0.33523   0.00088
   0.34683   0.00161
   0.35843   0.00230
   0.37004   0.00297
   0.38165   0.00363
   0.39325   0.00424
   0.40486   0.00486
   0.41647   0.00544
   0.42808   0.00601
   0.43969   0.00657
   0.45130   0.00711
   0.46292   0.00764
   0.47453   0.00814
   0.48614   0.00863
   0.49776   0.00908
   0.50937   0.00952
   0.52099   0.00993
   0.53261   0.01030
   0.54423   0.01065
   0.55585   0.01093
   0.56747   0.01118
   0.57909   0.01136
   0.59072   0.01150
   0.60234   0.01158
   0.61397   0.01161
   0.62559   0.01160
   0.63721   0.01152
   0.64884   0.01141
   0.66046   0.01125
   0.67208   0.01104
   0.68370   0.01079
   0.69532   0.01047
   0.70694   0.01013
   0.71856   0.00972
   0.73018   0.00927
   0.74179   0.00878
   0.75340   0.00824
   0.76501   0.00771
   0.77663   0.00716
   0.78824   0.00659
   0.79984   0.00599
   0.81145   0.00538
   0.82306   0.00475
   0.83467   0.00409
   0.84627   0.00338
   0.85787   0.00264
   0.86947   0.00186
   0.88106   0.00104
   0.89265   0.00019
   0.90424  -0.00071
   0.91583  -0.00163
   0.92742  -0.00260
   0.93900  -0.00360
   0.95058  -0.00463
   0.96215  -0.00572
   0.97372  -0.00683
   0.98530  -0.00778
   1.00000  -0.00834
